wage
6.3152956461
5.4797699786
3.6421699174
4.5933365997
2.4181574607
2.0940581101
5.5120039196
3.5484271597
5.8182263596
3.8277804998
6.7368936796
12.861342479
7.6555609995
2.4497795198
6.1056621468
8.2680058795
1.8624054829
3.9808917197
4.7634601775
6.3805955861
5.6311238472
2.4880573248
1.2237382772
1.3456535391
0.7511116452
11.330230279
3.8947576562
2.9985152513
3.2678961879
1.3551971812
4.2871141597
7.6249387555
4.4437861058
1.1342814763
9.0641842234
3.9808917197
3.4507052379
8.0967289215
8.7352138308
7.2758451739
5.5120039196
9.786358811
7.0431161195
0.7852717913
4.0087301234
3.6121512769
3.1847133758
5.8182263596
2.2747952684
5.4478926684
2.4035572648
9.0335619794
4.9740959419
9.3276123977
5.8734467996
3.2832096658
2.1435570799
2.5605735685
9.1866731994
2.8351910828
5.8976173626
2.5332947307
8.2680058795
14.102051849
0.7293236738
4.5933365997
3.3777263077
3.1847133758
5.0074109682
2.3189660503
3.387992953
2.4497795198
5.8182263596
5.3588926997
7.1432823382
5.5996360328
3.8277804998
8.0713228206
3.9439174932
6.3455414013
5.4836124351
6.9801937004
10.047012436
5.5120039196
6.2556869882
3.2344745223
1.9183214687
11.091041607
5.1844171234
5.1366344771
4.241819428
3.9028350194
6.7803575098
1.0261854211
4.593064402
0.4386814489
7.3493385595
4.5933365997
4.7245747883
4.8172135096
8.5304822566
6.195187114
4.7046902142
5.083341382
5.790387956
5.103707333
6.9908342396
4.3162052915
7.7100274414
5.7109839017
1.9819297555
5.8175870643
3.6746692798
2.7560019598
4.9481497078
3.9808917197
4.1571449409
4.7444519565
6.6136220264
2.7375759677
5.2495275425
3.9851788339
7.9617834395
6.1182562326
3.1429922399
6.1244487996
4.8621578256
1.8094962362
2.3810941127
3.6746692798
6.984020561
12.248897599
7.3493385595
1.9780828421
3.2153356198
4.7278219187
8.7296711824
6.6546249644
4.6267022409
3.0622243998
5.9061957151
4.4795968363
3.3684468398
2.8070390332
7.7241182622
3.694563081
6.498828198
2.3891985138
4.5933365997
4.5933365997
4.0829658664
2.4560771536
7.6555609995
3.1649325474
4.9425376278
3.6746692798
2.0220402386
9.7991180794
7.5826508948
2.9903411979
4.2871141597
4.5933365997
1.2132241432
6.1244487996
7.1463085564
3.3616418967
2.1435570799
1.9598236159
4.32211101
0.1028907398
2.5477707006
7.9617834395
6.5739496289
4.2871141597
3.2938447178
6.9107704357
4.4479237092
0.7799298063
4.7230918709
3.9317449084
1.3504084986
3.5385704176
2.87054786
2.4811139091
4.1340029397
1.5329546935
2.4497795198
4.4613441687
4.0429136911
3.3684468398
5.1087252083
7.2599848992
8.2680058795
3.2153356198
4.9146811355
5.639596603
4.303666724
4.5933365997
2.7186577598
4.4053672057
2.3828757021
7.9617834395
4.7890426704
9.6096961834
0.9312027415
2.8201186031
3.5107076584
3.9808917197
5.5120039196
2.9488086813
4.5933365997
4.4785031847
3.0421142694
3.5783296357
5.2037800258
2.6154650912
2.7997480227
6.5486530455
4.4855117969
2.6211632723
7.8340542934
6.2784349409
4.5933365997
6.4306712396
5.247725439
12.535891451
2.2798842959
7.6555609995
4.8995590397
9.8369525121
7.3493385595
4.4605327626
1.7646227374
6.5870870183
3.7913254474
5.8182263596
9.5601151994
3.1376486461
4.7938485336
0.5188942364
2.9433580183
3.3924120742
6.1372080679
4.385411563
3.6746692798
2.8172464478
3.9196472317
2.9236712958
6.0884226302
1.7095431108
9.1866731994
2.5297811458
4.8131688299
4.0185657739
3.1867050665
1.5696087352
3.0622243998
4.8995590397
5.1574305681
1.7085372188
5.7562599327
5.7413645272
9.9079971691
2.3700192564
4.7770700637
3.3684468398
7.9617834395
3.0009799118
4.8344795078
5.0526702597
6.4306712396
0.7655561
5.2002694757
3.4805610664
0.9295483203
1.8761644785
4.2871141597
3.7555582262
3.6746692798
15.923566879
5.4082564263
5.1366344771
1.7122114924
4.4607615196
2.9013278635
6.0445247428
8.2680058795
6.2856185049
5.6651151396
5.6651151396
3.1847133758
5.861435661
6.5118739952
1.7777506882
6.8243858053
4.2462845011
5.3895149437
2.9785089126
1.6331863466
2.7560019598
3.9709093713
6.2605476618
3.2570932252
3.1551339946
6.1244487996
3.6938917385
3.1154804763
0.9186673199
12.248897599
1.7284740167
5.5872164488
4.4437861058
3.2729404666
3.6746692798
5.1445369917
5.2086433716
6.451247451
4.5933365997
3.8964682412
5.0179307392
5.7569818716
0.4246284501
5.0906418422
5.8674350834
4.6083707763
4.2871141597
4.4729120447
7.1237009722
8.5495661095
10.411562959
3.0330603579
5.9713375796
5.4439544885
2.2568834947
5.6617126681
2.5477707006
5.9021715073
2.8784909358
3.7103456805
7.6471356697
4.4897275035
4.2194335602
6.1244487996
3.9808917197
5.1196337956
3.3868201862
1.6543965589
8.9327326394
5.1366344771
3.9808917197
5.7526182403
8.1731582211
7.593266606
10.419403648
4.491262453
4.0143445913
3.0896473049
3.7733570803
5.9713375796
3.821656051
5.8182263596
4.0059287746
5.5120039196
6.7368936796
9.4361877801
7.0431161195
7.3065743285
6.6494015539
9.1993096137
7.6555609995
7.6072100879
7.2741748697
3.3684468398
2.8708353748
5.6962353063
6.2704201181
4.303666724
11.452719255
1.2489072062
5.0726044074
7.0147871714
6.4306712396
6.7368936796
3.6746692798
0.4496065942
7.4832849318
3.2148526191
3.2920013231
5.0593272692
3.0622243998
3.0330603579
3.6428749569
3.4616449737
4.5933365997
6.8593826556
5.1924674605
9.0723661982
7.9617834395
2.4497795198
14.698677119
0.428711416
7.9617834395
7.3493385595
5.0551005965
5.1848808873
3.6316906917
4.9852787651
0.07655561
0.4747398821
7.0929028414
2.7322228697
4.0227958431
4.9358765258
3.6746692798
3.3093661681
5.3737099145
4.7574718275
2.6628038259
5.294280548
3.2663726931
4.8407643312
1.1857975335
4.1571268721
6.7368936796
2.8466711739
2.7560019598
3.9808917197
6.0306274563
5.3744943977
2.1435570799
4.5933365997
3.3684468398
5.7511753965
6.1480953201
2.7746776749
4.7651571708
2.4497795198
7.0122129375
8.1659317328
3.5433038299
2.370754374
7.7307026536
3.3684468398
6.1244487996
4.5933365997
3.7467216186
5.9713375796
1.887237556
1.8387490622
2.6028907398
3.0622243998
5.8021093891
7.3493385595
1.4812620353
4.8285041294
6.4994150526
3.6746692798
5.7291140094
6.8243858053
3.2459578638
4.7691215278
3.4634552551
5.5120039196
5.8903453313
3.256353145
3.8602586373
4.8459421872
8.0978823017
4.1030049627
3.3684468398
4.2871141597
5.2764481966
4.7770700637
4.8745612895
3.7359137678
5.8182263596
4.0194110759
5.6816482761
7.6555609995
7.3493385595
4.6834020232
5.790387956
2.0489723207
2.3221868365
9.9263793531
4.9761146497
3.7969757088
4.8144292014
2.2707006369
5.5732484076
7.3720217032
6.4729946663
1.5824662737
3.2449772388
0.6031654121
1.9798395764
7.3493385595
4.9628450106
3.2218890183
5.1075591876
4.6855553115
2.211606511
2.2747952684
2.6444832302
7.4138064416
7.2633813834
7.5886736516
7.4694770008
2.6589637293
5.7259401448
2.7560019598
4.3366309798
8.9825249061
7.7025625833
3.6396724295
2.6710499281
5.6140780663
5.1113311567
5.3973274524
2.365304364
7.0194928264
4.5267665041
9.624133828
7.0914670311
4.5495905369
5.5201698514
2.5225452482
10.557060914
7.6993070624
6.0268480219
5.0417626002
5.010365193
3.9808917197
3.7784734967
4.491262453
0.22966683
6.1703821656
12.248897599
3.9808917197
0.4447923709
4.4317494412
3.0622243998
2.5077992981
3.1070374398
6.6348195329
6.0251334137
5.6969622734
12.312036247
3.8901222017
2.7560019598
5.1751592357
2.7052941579
4.184513117
3.9352151157
4.382633086
10.899087528
7.3961922662
6.4306712396
14.091652105
6.8243858053
3.6053358971
5.6927971477
2.4115017148
5.3588926997
0.4258112592
3.0622243998
2.4566932908
6.7368936796
12.669745799
2.4126616483
2.5735057582
9.8344211296
0.6144141561
6.6160240102
15.127388535
9.3927030438
4.9608035277
4.8932855966
2.211606511
3.3684468398
5.5271885034
7.5456271436
5.1328713749
9.3668040465
5.9323092294
3.7945521073
3.8996490316
8.5742283195
6.2775600196
3.6746692798
1.1961364792
3.0622243998
5.7124903602
6.7924085572
3.116157902
7.5636942675
3.8496535312
5.3725249076
3.0547250747
9.5903300521
12.395985811
5.925048141
4.948500251
3.9196472317
3.0622243998
3.2685216225
11.15418936
2.9856687898
6.1030132288
4.1449631789
6.3694267516
2.9890654551
6.2729202857
5.3674944536
4.3711752217
4.4096031357
4.0693559802
3.9602653378
6.7368936796
0.9621490561
6.5327453862
5.5028172464
2.7513722469
2.8640234285
6.5550457686
4.7770700637
4.9631896766
6.1244487996
6.7082260469
6.0938265556
8.9171974522
5.2588758998
3.0219907946
3.821656051
5.5120039196
5.5120039196
3.1070374398
8.0830288726
21.231422505
5.8182263596
4.9307146543
4.4136348214
7.4173205482
3.6746692798
5.8182263596
3.2235513438
1.6211776234
1.0158575361
6.3796341663
3.5850431998
2.7560019598
0.7729886834
2.1373915274
3.5521803038
4.3051584629
3.574678279
10.128063739
4.444599986
4.7464478197
5.9158762399
5.3106215751
8.6984494628
15.311121999
2.8100412139
8.0223293212
7.8723251986
12.948834605
3.5276825086
7.1700863995
8.3598726115
7.111342906
11.18476047
8.5742283195
2.9973772949
9.3178656763
6.244536031
2.1231422505
2.3945213352
7.1432823382
5.9028226736
7.7361458521
3.651263743
2.6650321136
32.497400234
8.4211170995
6.0884226302
1.5596049832
6.0325820676
5.8794708476
8.7273395394
2.7560019598
11.777786153
7.6629607191
6.87701603
7.0431161195
5.854252529
0.91121985
1.6331863466
9.0165496216
2.7014275422
7.9268122092
5.8182263596
8.2719827943
6.7691276206
8.2935244161
7.2052338819
6.4245873501
7.2831283022
5.0685093514
8.3698117629
7.232505774
5.1753277034
4.1082473888
4.2871141597
8.7160576601
6.7368936796
4.1739362723
3.4450024498
9.1866731994
7.5191252589
3.0115492915
4.1449631789
16.003584803
3.0944583409
11.024007839
1.8115548213
7.6555609995
6.4306712396
4.0727584517
1.9035068453
6.0504053772
2.6265677326
3.7913254474
5.092407612
7.3065743285
4.4855117969
12.283894449
2.9856687898
15.311121999
1.2156505914
4.3967510941
3.5521803038
6.1863972472
2.562413061
2.5971548023
4.644373673
2.578715284
4.2062252133
4.5933365997
1.5923566879
2.7408197434
4.4402253797
1.6939964765
6.3694267516
1.9200974615
7.2624375968
3.6746692798
3.6746692798
3.821656051
7.6555609995
9.6708573715
6.7209860203
7.1009595674
10.795638562
9.2741653251
4.0783344424
5.8182263596
7.1349828515
3.8996490316
8.8464260439
4.2871141597
20.99811017
6.6302906459
3.9808917197
2.6951029979
7.6555609995
6.8488459695
5.5732484076
0.6687062206
5.2531354652
8.0820520715
3.3458078267
10.148102603
7.3493385595
3.0622243998
2.9292202741
4.1588421783
7.1299553189
5.3895149437
1.0919017288
4.5933365997
5.0526702597
3.1450896164
4.6391494057
6.1244487996
30.862170858
9.1866731994
10.313190984
6.7368936796
7.6963906582
16.971826768
6.8243858053
4.5066698714
4.1878493932
3.1756401183
5.2057814797
2.1963540523
4.3823577084
4.5933365997
4.5933365997
6.4306712396
3.9156311997
3.0622243998
5.8362421582
7.3493385595
8.7579617834
10.795638562
5.790387956
2.3885350318
2.9125701065
7.1130654079
2.113079965
7.4751218601
1.1905470564
7.4126949264
2.5477707006
10.464058235
7.4309978769
3.3760212464
6.1244487996
3.2842356688
6.7368936796
4.7120759132
8.0748310745
4.3526834293
15.311121999
2.3246083035
7.1962273395
9.7378735914
3.1847133758
9.2758642013
6.1621542891
5.780867222
7.9617834395
4.6436086828
2.7639749645
2.8810907366
2.7173322319
1.8366282444
2.7560019598
4.5593459089
3.0350959689
3.9808917197
6.1244487996
12.861342479
7.8392944635
2.8034448731
13.998740113
2.9193205945
10.411562959
5.5290162774
4.4096031357
4.8995590397
5.6712395884
4.1340029397
7.2517192618
8.9570063694
11.636452719
3.2764540903
3.6307807216
2.9711611669
5.5640969324
6.1351746294
7.2517192618
14.649095565
10.311001022
5.5120039196
1.1362041425
5.4284887087
13.178124314
8.7894573389
6.0251334137
2.8847041447
4.9487291045
5.7263596276
4.8995590397
3.9808917197
7.8392944635
8.2796633725
6.4994150526
1.7249894352
4.8995590397
12.132241432
3.1222680155
5.397819281
8.5742283195
6.4306712396
7.0063694268
5.4346644638
8.9623180881
10.978937464
8.8192062714
3.2386915686
5.6051867939
7.1812164356
6.1556006246
6.7368936796
7.8739050351
5.5455208036
7.9617834395
2.3873413612
3.0622243998
1.0686957637
4.1521686777
4.0312827542
5.6533373535
16.472655392
1.5923566879
4.2819675641
9.4783136184
1.7402805332
3.3684468398
5.4268658422
5.2057814797
3.5336625529
9.1866731994
1.858782126
1.3054079864
3.8176374852
4.4096031357
0.2123142251
8.7119818791
4.0873326748
5.6600356205
8.5742283195
2.6580810648
2.441729861
7.2956581318
7.9617834395
1.5923566879
7.1962273395
5.1681752151
8.3151785269
3.0504291651
1.3965454899
2.8221056189
3.2587764776
5.5120039196
4.7426855931
5.790387956
9.8598726115
3.6746692798
2.8576690311
3.9439174932
2.148204638
3.9808917197
8.5742283195
5.8078903881
4.3240720404
6.7341956845
1.1927765452
4.1340029397
4.5933365997
12.17684526
7.4358013661
6.833101496
8.9171974522
8.2839365266
7.3519091571
0.6824385805
3.7031550881
5.8505117926
7.1513024906
7.1615858382
1.185377187
5.2406675804
3.7809382544
3.5265974017
7.6555609995
4.8085103235
5.3391207478
3.7436630703
4.4708476237
5.7222235377
1.7292561317
1.3339113616
3.3463256964
4.9806363752
5.6651151396
4.4096031357
0.6757069139
8.9303302909
3.1154804763
6.0868241995
3.0622243998
6.0387341663
6.5225379716
5.2057814797
2.3331233522
4.8211491416
6.6656791586
5.2789036865
5.639596603
6.8043109748
5.5120039196
7.9617834395
12.552361278
9.1101856388
4.5495905369
6.2953636498
6.175344496
6.1244487996
3.4996850283
3.3665046256
6.1223052425
5.2980985388
4.3126326964
5.0745432911
3.821656051
6.2775600196
8.7273395394
5.2608834526
10.942348522
5.5732484076
9.3302149682
7.9141080896
5.3895149437
2.9091131798
9.0133397428
4.9927016985
2.2456312265
3.3684468398
7.3493385595
4.0589484201
3.0293615038
2.4497795198
2.7186577598
0.6798238733
5.237084218
3.1790365249
4.8995590397
0.0979911808
2.564181462
11.373976342
5.7039642552
8.0098424945
0.9080649137
7.4063101763
2.8365868125
3.6676161717
2.9856687898
4.6545810877
2.7890079713
2.1021210401
4.0904575469
8.6481440808
3.0170968823
2.5477707006
1.1450654834
7.6555609995
7.0771408351
1.7498425142
5.5120039196
3.9808917197
4.0146689828
3.9705517413
3.5385704176
4.4626556858
6.1244487996
4.0882629884
1.707621113
6.7368936796
0.5941629432
1.4519969798
9.7991180794
5.6971616741
16.780989711
2.8626637086
5.790387956
7.5024497795
3.5498397501
2.4146942192
4.3551635908
1.995434446
1.1708505058
7.3493385595
4.2704850689
2.6539278132
3.3523298693
5.9713375796
4.8995590397
1.6379755552
5.9713375796
2.7522214359
12.786804018
3.3684468398
3.6746692798
2.6832904188
2.895193978
11.207202495
4.1040120822
2.7981630204
2.1638797429
3.0510340489
6.1712956798
9.6832501291
8.0492755652
4.7360245179
6.873482106
3.8277804998
10.294023033
13.087863188
3.4066626062
5.2768155349
4.5495905369
3.7031550881
3.5840825773
5.3524594551
4.5495905369
3.5385704176
6.0661207158
7.0640592439
2.9034423939
8.3343014593
1.9904458599
5.5120039196
3.5125515174
4.1646251837
5.0246057901
5.516059846
5.9713375796
7.0147871714
5.245410266
4.4402253797
3.0622243998
6.5664193315
7.3807459893
2.1755157785
4.8995590397
6.8111173948
3.9808917197
6.4306712396
3.3760212464
5.1110293691
2.9217553906
7.3493385595
10.100770035
6.5010264779
8.2680058795
2.7773663161
5.8087997887
4.5933365997
11.008885743
7.7285931295
1.9610304038
7.6644554272
4.2862898732
2.2480329712
6.1024447919
6.7368936796
2.9785089126
4.0621344079
5.5120039196
5.7096454945
6.4148653814
6.3900397832
10.411562959
3.7637521714
2.7613121755
5.0880036181
3.334778404
2.895193978
2.5186661144
4.069921247
3.8277804998
5.6491589815
5.8182263596
2.2966682999
3.9808917197
1.4928343949
2.5683172385
5.5953968535
10.615711253
8.2046853071
1.2248897599
11.005994755
6.6148150519
1.5976822955
7.1671631745
7.6555609995
4.1513954619
9.5983722576
6.4861779548
9.4222289225
8.0440521547
4.8995590397
4.8995590397
4.6584903103
3.5092098468
1.8423961678
3.0696032538
3.9347810048
3.0622243998
6.1244487996
4.8995590397
5.3588926997
6.250372046
3.9808917197
5.8644338378
4.6350288568
1.6193457843
5.1644000689
3.928280816
4.0867082732
6.244536031
4.5001384658
3.1743397166
3.7705169035
2.3302780799
7.9617834395
6.8488459695
5.1408830832
9.5678084251
5.8704394024
3.9196472317
7.6555609995
6.7368936796
4.2871141597
8.2104658176
2.6429156646
3.6746692798
0.6898296121
1.8219184072
6.6494015539
3.9808917197
2.5022747953
1.486839076
4.0969726104
7.2967179971
4.2111912407
8.3685898926
3.1563066162
4.7127232653
3.5262163064
4.7035766781
4.1704579921
4.838652919
2.4581835662
6.1244487996
8.8804507594
7.6555609995
5.2025656081
3.15466891
3.4198264438
4.8859415882
0.5197900048
4.2871141597
3.0622243998
4.693261817
10.924692453
4.6768518106
2.4497795198
2.2292993631
4.2099461049
5.1717567641
1.2208649305
2.9200810322
2.9098903941
1.5589506035
3.768891569
7.9617834395
0.8165931733
3.9502694757
2.1710424111
4.4585987261
3.5486806187
11.636452719
2.915582668
2.3885350318
4.8995590397
7.0431161195
4.3871051605
5.3078556263
5.8941695247
2.3306841224
1.0070239923
6.361474908
6.0537660911
3.4011502072
4.9761146497
2.8662420382
2.7811709275
2.7793862189
3.1483858468
3.6746692798
8.8804507594
4.8995590397
0.2813351039
7.5564133484
4.8995590397
2.2845863528
2.8266686767
6.0155697098
4.5083711435
9.4773409849
8.6365108496
3.6746692798
3.1222680155
9.2007477699
4.2441080354
2.5150747292
3.5923014217
4.7356332726
3.8770423705
6.0495647095
2.9239908577
10.393004024
8.5936710141
7.3175232411
7.1628053475
6.7691276206
6.2195911467
11.306674707
4.679354139
4.2874352919
3.1131118043
4.8107452807
6.6079579154
2.5830213449
12.095786379
1.4461679693
7.9617834395
5.5885595296
5.2182493248
3.2168821978
3.3291528099
3.0622243998
4.2747830548
4.7464478197
6.3422456986
1.835569669
5.5941504644
2.9200810322
7.0431161195
6.1244487996
0.6617586235
6.1244487996
6.4306712396
7.3493385595
8.1469411939
5.5363282791
1.9658158823
7.6052856735
5.8268054903
2.9488086813
3.1531815602
2.1435570799
10.770968456
3.1428092524
5.1297396657
5.4595086442
5.5120039196
8.3808246731
7.1147852012
10.105340519
10.565399825
7.0431161195
6.2988793034
6.3694267516
4.5495905369
6.1110612721
7.7205172747
1.65296542
3.7288588471
5.1242371292
1.5519415435
6.2278839349
3.6746692798
4.2788855337
5.7876041156
4.382633086
2.3530366343
3.3684468398
3.9808917197
5.3750436722
5.6869881711
5.9740830222
5.2057814797
3.3401218217
4.4585987261
2.8919077192
3.6746692798
4.4323330488
2.8999440912
3.8572003061
7.4189345686
6.7368936796
4.1159462046
8.3510261854
11.980795873
5.3282704557
3.1847133758
4.5495905369
9.9146737171
2.5660999863
10.781212319
6.3141776967
2.1435570799
9.1947105338
2.9010546946
1.9231360965
5.2057814797
0.551200392
5.397819281
10.734988907
5.6061305193
3.0622243998
6.4278618594
4.381355181
6.9874556125
5.178395733
4.0829658664
3.7467216186
7.2758801541
4.0420289181
5.2057814797
5.2057814797
8.2424531814
2.2747952684
3.81860117
5.5107716362
3.6059544142
4.6646780667
4.9914257717
3.0622243998
8.4076433121
8.8804507594
7.0431161195
4.1539739684
3.5240680798
5.3609062612
4.112255435
8.5805748985
7.4934432372
4.5127517471
3.4501061571
4.3883845729
2.4804017638
6.3030785563
3.8277804998
3.4616449737
3.954644082
8.5379396962
5.1205753251
2.1435570799
3.9479917882
3.0534164677
4.644373673
2.2579449331
9.45285949
6.6625802841
10.183676492
5.9195415907
2.1615701646
7.4371955398
6.1244487996
1.7975804567
2.8251489624
10.105340519
6.1244487996
6.9596009086
7.9950963409
6.8900048996
5.8107051067
7.1764129464
1.1921386968
3.8956738542
3.2899931568
3.8743471725
4.2685163571
6.1143123402
3.9844492637
8.7729840163
3.9472503813
3.6746692798
2.4497795198
3.3684468398
3.810768142
2.4497795198
4.3595187544
2.2427558984
4.5933365997
6.0966805179
1.8063296178
1.9301293187
4.2843677701
1.9904458599
0.2713280831
2.516896767
3.2250262033
7.5502924983
1.4764708912
2.6476239466
5.3109505859
3.0622243998
4.1340029397
6.4994150526
2.9430716994
2.4497795198
3.1890620968
4.5495905369
4.6768518106
4.3456127935
2.3161551824
3.0622243998
6.1244487996
4.3378615788
3.6053358971
5.7880389142
5.7105205359
2.7560019598
3.3602487587
7.279344859
4.8593242502
5.103707333
18.515775441
5.4712763351
5.6079290213
5.4507594317
6.7368936796
3.467443374
7.4718275355
4.4059192567
5.3588926997
1.7498425142
2.3109031298
10.84157745
2.7560019598
3.9808917197
3.4253853598
1.1942675159
3.9612989641
2.2442611037
5.9713375796
1.8439200687
4.1340029397
0.5186829602
5.6466549216
10.972970766
1.0191082803
3.7913254474
3.0622243998
7.0431161195
1.9833624226
3.1453959267
3.3523298693
0.5541041106
0.3249707526
4.491262453
0.5514655196
5.7124903602
2.4250048311
4.5173239373
4.6301517859
2.3272905439
2.1435570799
3.6746692798
1.4812620353
1.6761649346
11.45580351
2.9332886356
6.2191310837
6.915377616
4.9465625755
5.1345640883
3.0622243998
5.5872164488
7.6555609995
16.65645071
3.2168821978
6.8287604116
1.0328800138
3.4909358158
6.1309990122
4.6384438443
7.9617834395
8.9458240893
2.4497795198
2.6329406054
6.1893722851
2.0414829332
1.0927938054
0.734933856
3.5031847134
9.0335619794
8.7579617834
4.8995590397
6.3482658654
2.9117379436
3.2663726931
4.3329433684
3.2527248964
10.564674179
7.944758956
6.1244487996
3.2393778775
2.5294578834
2.9625240705
5.7379960804
9.7991180794
6.1244487996
15.716767309
7.4641719745
2.359046945
6.1197413063
12.204889584
5.5732484076
4.4232130219
10.96849924
2.0029643873
7.8392944635
4.8253232967
3.3406084361
6.2782902798
2.0747318409
3.6746692798
5.4109207841
6.6348195329
3.3684468398
6.3553038541
4.8995590397
4.7491339815
2.465584549
7.0431161195
2.5922085617
4.8995590397
4.9865906805
3.0755319901
4.3940855608
7.7248869077
14.382576536
9.6344270192
5.7382222987
4.338846561
4.4113344287
10.634977516
7.6963906582
11.660950514
1.3846579895
1.4861995754
5.0862935947
9.0346478746
2.4497795198
7.1962273395
5.5120039196
3.2143846184
1.0317059529
6.1244487996
6.4555000861
2.3437284584
4.8995590397
3.9808917197
0.8685581934
6.7368936796
0.8319522925
4.5495905369
6.0088931619
8.685581934
3.0622243998
1.5250024146
5.3453669735
7.0431161195
6.1244487996
3.595644134
3.6761120239
2.0489883852
2.4497795198
3.0013005636
5.0752404395
4.4855117969
8.9530094902
1.0734988907
14.290380532
4.8995590397
8.2680058795
3.434494817
7.3493385595
4.8510485541
4.7283954051
5.5120039196
6.808697562
2.6175726376
4.0256208402
5.4373155197
12.283894449
3.9808917197
4.0483644608
11.092493885
5.2057814797
3.1222680155
3.9808917197
7.2640521177
5.8301389031
3.1919678482
3.9156311997
3.3328395793
4.6044048807
2.8467855899
1.0881708573
1.4329641367
3.8277804998
8.1148946595
7.4641719745
5.8168280836
6.4337643955
2.5320159348
4.4960659423
1.797822067
5.2057814797
0.3184713376
5.9144676979
10.198499893
4.7464478197
5.4284887087
4.2540190812
6.1244487996
4.8995590397
7.9617834395
5.8519878279
4.1904123366
2.3382623905
7.9617834395
2.7560019598
5.9429338517
2.1149175711
5.0526702597
3.1847133758
1.6472655392
5.2057814797
10.615711253
4.8131688299
9.9334160115
5.6785379658
3.5783296357
4.6161699106
8.0394370932
7.1451902662
7.4332435081
2.0080159999
2.0029643873
3.2812198417
1.9935607986
9.3755580689
5.9713375796
9.7531847134
4.5933365997
7.0431161195
5.5975028473
6.2556869882
2.7613121755
4.8995590397
10.105340519
2.5697342412
7.7351672126
2.7560019598
9.3539080335
5.7758025959
5.0065363113
5.7091510244
0.5258194897
2.1435570799
7.6555609995
8.5742283195
3.1120977614
3.976910828
3.7659204286
7.3493385595
1.0411562959
5.8182263596
0.2211606511
4.8995590397
3.1070374398
3.8370040672
4.3866575424
3.7284449278
4.5933365997
6.3220116641
6.050955414
4.3927081045
6.4306712396
5.7324840764
4.5933365997
3.6860108516
7.1560454928
7.0431161195
4.7770700637
9.4928956394
3.7913254474
3.3684468398
3.9808917197
5.7324840764
2.2058620785
1.905384071
4.7770700637
2.3810941127
4.556988245
7.9617834395
5.5386319579
9.6630192172
5.2057814797
6.4078739956
5.6962353063
39.808917197
4.5933365997
9.5694512494
8.5742283195
0.7625370055
5.7253274172
18.473419092
3.3641338477
4.7321149715
2.1435570799
4.1340029397
7.6846912084
3.7052915238
5.4075133238
3.9676661659
6.0983873154
3.3174097665
11.722871322
3.7454626395
7.9617834395
2.5409947147
4.220026558
4.4585987261
7.6555609995
5.3841308128
5.6653096901
5.2057814797
5.4491293502
4.1141335448
11.889596603
3.0622243998
4.5627143557
4.8995590397
0.8261253893
1.8373346399
6.2775600196
4.7464478197
5.2057814797
3.2094010764
5.2057814797
5.8182263596
6.2394384505
11.811436971
5.8182263596
2.9047966114
4.1033806957
7.3493385595
0.5047089344
0.4697217368
4.631508372
3.5985461873
6.4306712396
6.3694267516
4.3517822526
4.6848373288
3.970443185
10.707113441
4.7464478197
9.8436595252
4.5062611032
5.4639690271
4.199622034
3.1847133758
5.6267020774
2.1435570799
3.6746692798
5.7406850551
7.9617834395
1.3780009799
5.1328713749
3.0622243998
6.8243858053
1.3132838663
5.5120039196
5.9395187293
6.5867908496
4.0946314832
6.6097824781
5.3524594551
2.0603506128
3.6396724295
6.5787506354
2.5142474019
5.3287526957
7.3493385595
9.0991810737
8.6660950514
2.1713954835
9.2993630573
2.8152162438
7.0431161195
7.4630507229
5.3928784853
3.2519960527
4.2871141597
5.9151437143
7.1349828515
11.636452719
5.1778245537
4.6540696515
0.77675936
5.3841308128
11.198992091
7.4535844965
7.8115611104
8.2680058795
1.8515775441
4.5122710022
3.7898089172
3.5713791194
10.615711253
5.5120039196
12.086732141
4.8995590397
2.5875796178
3.1531815602
2.4419527482
3.8781215
6.0776972821
5.4797699786
8.7172811381
5.6543213983
7.6007479136
8.1065431384
2.3645203718
4.1904123366
5.6617126681
7.9617834395
5.8460647633
4.1218216512
5.0616149014
5.2488065526
4.0991360283
12.327922745
25.076734039
5.8494735474
5.5120039196
3.0622243998
8.3204223332
0.8912444149
7.8283457282
4.3987753809
8.450317415
0.231447193
2.6724867489
3.5812037961
10.411562959
7.0063694268
9.5823234316
4.5933365997
6.7572331774
7.3493385595
10.3948213
6.5109695683
18.373346399
3.5649776595
9.0239812301
6.2101910828
6.4306712396
10.105340519
11.785314427
3.4702176457
4.2462845011
6.2554875147
13.609886221
6.4306712396
6.7368936796
5.8877054006
1.7416401274
10.436794771
5.1297396657
7.0117979155
10.564674179
9.0991810737
3.3075658206
3.5583389674
7.3493385595
5.4927119059
1.5611340077
12.151529574
4.7961200733
5.4140127389
6.6348195329
12.489072062
3.0622243998
5.9843470297
7.5081651296
12.853238294
5.8182263596
7.5569469934
2.3161551824
4.2871141597
11.330230279
3.256353145
4.8253232967
9.910291218
5.6068897461
4.1539739684
4.8745612895
1.6634305382
3.2587764776
6.9665605096
10.227234889
2.8141797135
5.2057814797
10.494250026
9.7991180794
9.7640675804
7.9617834395
4.2871141597
7.0431161195
3.6419848008
6.5639130646
13.771733517
4.1513954619
2.5477707006
6.7368936796
4.2871141597
9.1866731994
5.8182263596
7.0431161195
4.1596256337
4.9761146497
5.1309918907
5.3588926997
2.6423386087
3.821656051
4.5933365997
4.5924179324
5.5120039196
5.7555061008
4.0943318394
3.1800022613
6.9563705137
10.555394711
3.6131270066
9.7644513881
2.7936082244
5.2057814797
4.6044048807
9.1866731994
8.1570315347
10.110201193
12.169229973
5.9883499374
16.229789319
7.5687886445
10.184616379
7.0035301578
4.1226063117
3.3843925354
4.8149014321
7.1202941329
3.6746692798
9.1866731994
6.1309990122
2.7560019598
5.8182263596
11.330230279
1.6003584803
1.3099078152
2.4430677951
4.0904575469
4.3498524157
11.126340402
0.6832657788
7.3162334309
4.8995590397
6.7368936796
6.2650099196
3.3649801707
4.1690793283
5.2423265445
2.8204103697
8.5742283195
9.1866731994
4.1728931896
10.133178923
5.8466660247
7.6555609995
3.2497075263
5.6729184329
4.0946314832
7.3493385595
8.2009786501
5.2057814797
9.9522292994
2.969429721
5.5120039196
5.5168263203
14.392454679
5.0526702597
10.425660156
6.2605476618
2.7560019598
4.0693559802
3.7671768776
2.2500692329
4.5987089232
1.5833092067
8.9214233896
20.845396642
4.8995590397
4.0180587633
6.2520414829
3.4351964503
5.7449731485
5.955155093
4.7842464333
4.0355396525
8.9419598025
9.1866731994
5.4595086442
5.8159123362
2.6407241922
2.4497795198
2.7895299642
7.9123313684
5.925048141
7.9617834395
4.0300385311
4.6115951779
5.1537484425
5.3078556263
7.6128606593
8.8804507594
3.3684468398
5.1644000689
4.7996566834
3.8026428368
2.5578012939
5.5120039196
13.469397073
7.0431161195
5.9713375796
11.071436231
3.1154804763
4.8995590397
5.3588926997
3.768891569
5.5501228956
2.1055956204
3.8680729261
7.3493385595
10.702017848
5.790387956
6.8898338256
6.5837824596
5.3323722805
3.4920102805
5.5547326322
9.6282032292
4.0880378737
2.3451497613
0.8138109137
3.7988628737
1.6116970525
9.6460068594
3.9933710041
3.4663546947
9.9029956562
4.8995590397
2.4880573248
3.9277040606
3.0622243998
4.9847687621
2.7560019598
8.7334929454
2.1435570799
5.6714073816
2.5849946232
3.9808917197
10.411562959
5.2429236526
0.9829362271
3.9808917197
11.595623061
6.9993700567
5.9666761139
6.1244487996
6.4873790988
3.0399536769
2.3885350318
8.4744900899
6.3517010742
5.2057814797
7.0337227932
5.7787137867
3.9808917197
1.0049056142
9.1281593574
5.1574305681
4.5933365997
1.8312101911
3.7512557714
6.1739193069
8.2680058795
5.1049659538
8.5209722429
21.435570799
7.2497540262
13.167564919
6.4306712396
13.609886221
5.6242178822
4.7926461637
13.221963716
8.2680058795
7.279344859
12.555120039
7.4271562443
8.4925690021
15.311121999
13.780009799
9.7991180794
3.9808917197
6.8858667585
2.7573275981
4.0884833878
7.6555609995
2.6670013492
7.8358501338
3.6189924725
7.5126571942
5.5409263373
5.8182263596
5.1844171234
10.717785399
4.4855117969
7.5004464551
10.291712884
16.331863466
5.4190149065
5.6869881711
15.938603297
4.9330412199
9.9604204346
5.1412413242
7.3738363547
11.745042237
4.9340629766
8.685581934
9.2547226305
4.8995590397
1.6359828985
4.0899572463
7.446842222
7.8086722195
3.6746692798
5.1208114096
7.4387465712
8.3319301627
7.3091782395
5.0480305257
5.1760605696
5.3588926997
6.7368936796
2.9322169189
11.146496815
7.9355261837
7.1043606075
7.2852920361
5.5676807269
14.147476727
8.8804507594
10.166585007
10.071315804
5.0271718639
5.3588926997
5.5120039196
4.2951310899
9.7991180794
9.1866731994
8.9825249061
7.5024497795
11.024007839
4.6976249361
12.310142087
7.6555609995
8.6763024661
5.3524594551
5.4140127389
11.715960067
12.248897599
6.1244487996
2.5802075961
5.2380154207
8.4256983801
4.2510879903
5.1858359568
14.345555747
8.5742283195
2.585693664
8.4925690021
5.3588926997
9.6641629051
7.1025981762
6.3088616795
6.7472741013
5.2727042646
12.35858922
4.9488233445
11.769592911
5.103707333
9.1866731994
10.105340519
5.8578418929
4.5933365997
11.636452719
0.3382370661
8.1242688158
3.3113227761
2.769315979
3.3641338477
4.4541445815
10.044096031
11.330230279
6.7368936796
4.6155266316
6.5837824596
4.9902916145
8.8192062714
3.5739561217
4.6605561597
4.7022613602
3.9291918273
9.8207020399
3.5828025478
8.2680058795
6.4306712396
5.9416294325
3.9925281725
6.0661207158
8.5742283195
8.2680058795
11.996229756
12.119961835
6.304210778
9.3525759897
6.8403591715
7.2544723822
3.6557416234
6.9205039152
11.266674679
9.1866731994
3.5884094375
3.4551135681
9.7206054965
14.618356479
11.557427573
6.5981630714
3.9196472317
4.4541445815
5.2432642565
18.373346399
7.8143430054
7.0063694268
13.491889178
7.1451902662
7.5513822313
7.9617834395
7.7351672126
8.7103271817
5.0516143202
4.8995590397
2.6818638954
14.336330309
12.003919647
15.004899559
3.3587711521
10.411562959
4.8124557679
7.9617834395
8.2067613915
6.2814859483
22.911836136
5.2057814797
5.5547326322
4.0725234985
6.9160150368
6.2738255996
13.081822636
1.8947028945
6.1048818705
8.3079479369
9.5066070919
9.7338418226
3.9808917197
7.6555609995
9.7991180794
7.0415773133
6.1269034885
0.4152168678
5.2902215545
7.3493385595
5.5947667413
3.330754134
9.0641842234
3.3862775135
6.6230764895
4.7131064758
7.3493385595
4.8658722319
7.2019750696
5.3078556263
17.692852088
9.7991180794
10.810639946
10.264990736
8.8804507594
9.2119808391
11.186207853
5.7842016441
11.352636799
5.9713375796
3.0622243998
15.311121999
7.3817859704
8.7035645053
9.0991810737
7.7257197796
3.0622243998
4.6273613153
6.3694267516
4.6768518106
10.105340519
4.7770700637
9.7991180794
7.6555609995
3.9996400324
9.1866731994
13.480268257
9.6379483741
13.159972627
10.973544216
4.0385858026
8.8071085948
9.8036885636
17.31868301
9.1866731994
4.2392191358
3.9808917197
1.0944032219
9.2310532632
4.8737038469
10.17074132
4.649216607
8.7652661719
2.6613203697
7.3528735949
8.8804507594
7.3493385595
6.3030785563
4.1093075817
4.5933365997
6.1244487996
10.207414666
11.024007839
6.1281699837
9.7991180794
2.2037420765
5.9620219204
5.8182263596
2.7793862189
3.3777263077
7.9795950356
2.1435570799
2.9675738274
2.7751399344
7.1962273395
12.738853503
7.7168054875
13.800424628
9.749122579
10.105340519
10.748407643
9.4472371803
22.11606511
6.6878980892
7.7604509847
10.317978539
2.6539278132
9.0641842234
5.4622227922
12.827317764
7.6555609995
9.969781732
20.414829332
7.0431161195
13.780009799
4.2019792599
8.5742283195
10.717785399
5.9710801547
10.991488642
6.6348195329
15.311121999
7.2243025538
4.0289830291
2.3161551824
11.636452719
4.1721135927
4.5933365997
7.6555609995
4.1646251837
3.7111463594
7.4412052915
5.4532763284
6.7759859059
9.6926059263
7.3493385595
6.2856185049
10.384934921
7.0171650653
2.6807351648
13.846579895
7.0431161195
3.8346814635
0.1846210653
7.0219867712
6.6589461494
5.8182263596
9.7991180794
3.595644134
3.7665360118
6.4306712396
4.2150618209
7.4641719745
3.5361147823
7.3616490094
7.0410329737
6.7341956845
1.0424593701
3.0707474896
3.8837967998
2.2768281507
6.1856932876
16.798488136
8.9350675874
3.4491480604
8.5742283195
6.4467882101
7.5026651258
4.2914577404
3.6746692798
7.0147871714
4.8995590397
7.1812164356
7.9047778301
6.6753817484
4.342790967
12.248897599
4.5495905369
4.4089975042
7.8937340084
14.698677119
4.5495905369
7.5163689813
8.0842724155
22.123968204
7.9940173805
18.462291147
7.0431161195
12.243291696
7.6555609995
3.8277804998
7.5998841922
9.2162123415
11.636452719
5.1995320421
2.9941749687
7.2132396973
0.8165931733
7.4854374217
7.7748871146
6.7254816632
7.6203074003
8.0152182277
2.4674038329
12.397910952
14.297568853
2.6028907398
3.6746692798
1.6326281831
7.0431161195
3.5985461873
10.887908977
8.4211170995
7.237984945
4.9248144987
8.800847268
6.0792793291
4.376821276
2.895193978
3.2663726931
4.9495545401
10.717785399
2.0445073524
7.259273136
6.1244487996
4.2462845011
6.5919034945
9.9522292994
8.2680058795
7.621536284
3.3188502396
6.5327453862
9.0474811812
3.6941119744
8.4628747049
8.9825249061
8.3369460099
2.2966682999
15.923566879
5.3674944536
6.1175285185
4.281637471
11.024007839
7.6555609995
5.6533373535
11.903909922
5.3343949045
5.4630560832
6.4306712396
8.2333703073
3.3121019108
6.6905743189
4.0829658664
4.7782646299
13.525809704
4.5150366847
5.1518684968
6.9028270214
11.082335923
8.2325924
8.6329420435
5.824426814
4.6584903103
4.6809435445
3.9808917197
13.859400802
6.7254816632
6.6450269476
9.9105112511
9.7991180794
3.5840825773
5.0526702597
3.3116603561
3.9512572901
16.854050941
4.4293649177
10.110201193
6.6668718012
3.5102051236
7.9617834395
6.7368936796
3.3684468398
2.526731791
5.6617126681
6.4306712396
9.7991180794
3.9057805552
5.4140127389
7.1912882679
3.7309200747
4.753303546
7.9895248452
4.8410409621
7.891325179
12.065433935
8.3960625362
4.8995590397
10.411562959
5.3078556263
2.9091131798
6.8900048996
7.1063852187
2.1435570799
8.2566643076
5.9470638496
4.6044048807
13.167564919
4.8995590397
5.1995320421
5.8182263596
5.1122724748
6.2556869882
10.947452229
7.0041806203
7.8473430204
6.9695855033
6.6400396899
12.248897599
4.4657439164
4.8770495801
7.6555609995
7.8392944635
12.950775281
6.4143270409
4.7264965506
6.324781237
9.9700329296
1.2550594584
11.758941695
7.6555609995
9.1866731994
9.5066070919
4.2091449865
7.6402498775
4.1704579921
8.4211170995
21.873031427
6.3796341663
6.2752972922
3.7273753796
2.4454049136
6.3694267516
8.5742283195
9.5925101681
10.411562959
4.4134610562
9.7991180794
4.0059287746
3.7467216186
3.3544069014
5.5363394778
4.5036350769
6.050955414
1.8699983668
15.923566879
4.303666724
6.4773831372
6.9611221329
5.5479093984
12.926880861
9.5137068732
5.5120039196
5.4830072467
5.869263433
4.1618413434
4.6545810877
7.9617834395
18.702175865
4.2314373525
12.744686312
6.8025477707
10.432681748
6.4207930964
0.4246284501
3.1100716561
6.7368936796
4.4096031357
2.1826696033
6.2399189988
3.9667248453
3.0761436016
5.4354483097
4.8045244893
3.6746692798
4.6834020232
3.9808917197
5.5120039196
5.8182263596
3.3352773235
4.3169250935
6.9205039152
4.1433700058
4.9128972222
5.5732484076
15.923566879
8.3442271855
4.0041299741
4.8995590397
1.0484653089
3.8663336846
2.2781854253
0.1534801627
4.6954107464
4.8042520159
4.2747830548
6.4306712396
5.09216538
10.068145448
3.0622243998
4.303666724
3.6396724295
3.3523298693
3.2587764776
8.1188444178
4.4541445815
6.5089032498
6.4306712396
5.124826122
5.4867721081
13.780009799
11.072174449
6.1845448551
6.1244487996
4.8995590397
3.3289686855
5.1935965033
8.8532572609
7.0431161195
7.0431161195
6.4306712396
4.1315200551
3.9196472317
5.1295555665
8.1065431384
10.717785399
6.8648929375
3.9371456569
6.7368936796
6.1639613725
1.9359959731
5.2057814797
11.222323324
1.2962342161
6.1244487996
20.614742184
8.4335342623
8.9082891631
3.2801680001
6.5260519996
7.6555609995
7.621536284
8.1413725396
3.1980385364
6.8593826556
5.4861556861
7.2983014862
1.3673188018
4.9712599037
7.5659710644
6.8593826556
1.6331863466
4.4541445815
2.0486460312
6.4380998163
1.4361728865
12.384996461
7.3187163155
3.9374638101
7.2255911352
5.9184938842
7.0431161195
6.1069503745
8.9082891631
8.1659317328
8.605666168
5.3201708366
9.3805990451
5.9916897868
7.5161162878
4.4096031357
10.044974089
4.0734705969
8.5742283195
4.590577839
9.164642808
6.4050101413
6.3262929361
9.4580814873
6.2309609526
1.070491891
11.942675159
10.176007236
2.3945213352
11.795234725
1.7515923567
3.6746692798
5.118289354
6.6776248202
5.8115207588
4.7120759132
5.601254681
6.6144047036
6.3838192063
11.636452719
5.2057814797
7.5073888511
3.8191099776
4.3074221051
2.5376202198
3.3684468398
4.0829658664
3.5454214735
3.5385704176
5.2470206048
7.9617834395
8.8158155731
5.1886714008
8.2921747783
4.438624914
10.050838544
5.8182263596
5.6036012477
4.3695275868
18.939639628
9.3120274146
9.7991180794
6.7177547771
5.8593211459
3.3011713656
11.548960594
6.8900048996
28.30856334
9.1866731994
8.5304822566
6.9107704357
12.356393698
8.2680058795
4.3126326964
11.022862012
8.0239465948
4.2690527826
7.3984225896
4.9914982399
9.7494603864
4.4637203412
2.3189660503
11.163177425
9.2310532632
5.9883499374
8.5742283195
4.2871141597
7.3737874569
4.5933365997
3.7913254474
5.0045495905
7.8392944635
8.3598726115
5.397819281
9.7292669322
6.1392065076
5.766559199
3.5451354833
4.0087301234
5.116005423
5.4987856848
3.8512812917
5.5120039196
7.0836998164
7.6555609995
6.384750152
7.6555609995
6.0048467692
4.6001415428
4.7784754977
7.6740081344
9.5466817822
13.473787359
6.9715118674
6.2257554715
6.9213620774
3.2364973331
13.167564919
3.8277804998
4.0996895417
9.8896829415
4.8995590397
2.8886289123
11.636452719
2.2747952684
8.8119274465
6.8243858053
3.3736403724
3.9129584139
27.454425653
8.358071303
6.3137174797
7.1266313305
2.7874952961
8.1659317328
4.5116772824
4.7464478197
3.3684468398
4.5933365997
5.6651151396
0.5250970117
5.3674944536
1.7860773894
4.0167556091
8.6395404956
2.9936305732
7.6619673267
4.2389124794
5.8593211459
7.621536284
17.233469821
8.9046262152
7.5661684472
4.0846023257
7.9617834395
3.9662420382
3.4821467435
4.2652411283
1.9337918031
10.499055085
2.9488086813
2.5325752491
8.1178968403
6.4306712396
3.2996835316
4.5333998232
2.3094368207
2.5110240078
2.2419664736
3.6491507431
5.1445369917
4.3203476028
4.8348046337
2.8266686767
2.5905504326
8.7961214279
3.3790062343
6.1244487996
1.9617459539
3.843502877
4.0829658664
2.6539278132
3.6087403692
5.6344928956
5.5120039196
4.8995590397
1.9324717086
5.2057814797
6.4313583505
7.8937340084
4.3342253043
7.0147871714
5.2684319856
7.3493385595
5.0685093514
8.6596857446
9.4054035137
2.6152928058
11.263354114
6.1244487996
7.9216736992
5.9316169305
8.5742283195
3.9398515989
4.9261870779
2.0679956986
3.8663336846
7.9617834395
4.7180938901
1.6703042181
4.4437861058
8.3243993189
11.200781702
4.9761146497
3.2447410859
2.9652824728
4.1467622081
3.9664307742
5.4626301472
7.0890753053
14.623683868
6.3893045881
3.7031550881
7.3891261619
9.4928956394
11.651390399
6.7368936796
11.268985791
4.5512038668
4.2871141597
4.6044048807
3.9808917197
10.846944567
4.5964935321
3.3700670643
10.795638562
3.1222680155
6.7270210273
4.7668133378
4.1340029397
7.0186520679
8.5742283195
4.3649249339
5.7382222987
7.6555609995
4.4402253797
2.1362886422
7.2106717943
5.0729947579
9.4783136184
5.5120039196
3.7913254474
10.593641167
8.062918665
5.1819065098
8.2232974032
4.4232130219
10.166585007
5.2877119617
7.3588926997
8.5304822566
24.880573248
3.8299033167
15.311121999
9.9714050784
13.381920627
7.6555609995
4.7775478185
5.3189367445
2.6305451893
4.1596256337
6.1244487996
4.1010393572
5.4207887248
6.1244487996
7.4235743026
10.070239923
3.8996490316
6.1433514194
5.2018911764
5.5120039196
8.1659317328
4.5933365997
7.9795950356
7.4703153259
7.0431161195
6.1132523667
6.8243858053
3.2663726931
7.7424150141
10.564674179
4.5166060055
1.5923566879
8.6752048946
5.4765164593
4.8995590397
5.8976173626
7.8392944635
5.9319457524
6.1426222382
5.8197807883
2.8155619236
4.2564919157
5.5120039196
5.5608358277
10.441683199
7.6555609995
3.0819806863
4.5933365997
3.7349518125
7.3493385595
3.1453959267
8.3292503675
5.5386319579
6.4106379959
10.411562959
1.6147842469
5.0270249136
6.5357923757
5.0674753838
3.060385226
7.0251030348
8.8804507594
2.0061186619
12.248897599
4.7315741583
11.231422505
5.0955414013
1.7296474546
4.8995590397
6.1244487996
3.6746692798
3.2449772388
2.5275502983
7.4504762461
3.6746692798
3.3036445807
2.8478686918
4.7770700637
4.5951776164
4.7629784116
6.7368936796
0.3538570418
1.9730210813
4.8621578256
5.9806823959
1.3269639066
4.8862930856
3.2663726931
2.3371184265
4.2356952629
7.0458260526
0.3990868892
5.4662019527
1.42620393
2.8697417232
22.11606511
2.9973772949
4.8580373529
3.3406084361
7.6555609995
4.5933365997
4.0829658664
4.2871141597
2.9875359998
4.6545810877
5.5120039196
6.4306712396
7.7090963911
3.3273124822
4.4096031357
6.4500524067
3.5168613966
6.6438464983
3.814027995
4.0280959694
2.1254093538
1.0669056535
10.698497243
5.552042689
3.6746692798
4.6960219688
6.1396837469
2.7560019598
3.4286769263
3.6293029924
6.8900048996
2.9869834832
7.279344859
10.411562959
8.5687355403
6.3666586391
5.5120039196
3.4020677011
4.2255275238
3.9808917197
6.572354453
5.8657976596
5.002167606
6.1146496815
8.9082891631
5.6533373535
9.1866731994
1.4421343589
4.7662377053
3.5605491158
4.2274956316
7.0458260526
2.1231422505
7.5467141607
4.2871141597
4.5919123093
6.9358549019
3.6746692798
5.6200824279
5.814414462
7.7205172747
10.474168436
8.1774150743
3.6559209671
4.5933365997
5.3078556263
4.5933365997
8.8875722115
5.0955414013
7.6331345891
2.5332947307
3.8996490316
6.5841265297
1.516530179
4.2819675641
3.5934706638
4.342790967
5.790387956
2.0769869842
6.1244487996
2.8562451801
5.5120039196
4.2871141597
7.1451902662
4.5387839085
2.9091131798
4.1539739684
